-2 26 43 8 89 69 70 -23 111 103 121 -72 -117 -120 -93 46 -70 103 121 15 119 -33 -36 97 58 107 25 119 -19 114 112 92 -39 120 -69 -118 -44 -109 70 105 87 35 -30 -16 6 -125 -51 -119 62 89 -27 108 121 65 -29 122 -106 104 119 -35 -35 -31 48 -41 -93 16 -100 -37 -126 39 -74 16 -122 100 -87 -60 -103 
-78 -40 10 89 38 -69 29 122 -106 -74 -38 58 127 -3 46 -38 118 63 120 45 -119 74 1 -49 71 78 93 86 -71 -62 -29 71 72 -109 -7 -109 108 51 64 71 -34 56 1 119 -35 47 79 15 -9 11 51 24 -95 -81 49 71 66 59 124 42 -47 -119 -81 4 122 32 5 -62 -102 70 115 -55 -23 32 -44 2 -13 
6 22 -36 90 41 39 -24 28 -98 -22 57 -45 -127 0 -100 24 -109 -105 83 30 105 100 45 -60 18 -30 -13 25 75 -43 -56 -13 -77 67 109 98 -52 35 -68 114 48 8 112 -112 -114 18 114 -86 13 4 71 34 44 -113 -75 66 -5 42 -40 -40 -61 0 -116 -102 -74 -5 -7 -77 37 93 -47 -90 -40 -118 17 -69 -16 
-40 -75 127 66 11 -93 0 -77 -127 96 13 55 74 -76 105 13 -67 -95 28 62 -14 42 -2 74 56 5 0 -109 15 106 127 -35 -40 -29 77 -86 73 32 111 -74 34 -87 83 51 101 -121 90 -119 74 87 64 101 -42 -80 -9 62 74 95 -89 121 38 -108 -38 -83 -107 120 -78 -19 100 -82 -11 -83 22 122 -123 18 10 
32 0 -41 78 -108 -5 2 117 124 125 127 -11 -4 119 -17 21 38 -99 77 36 12 59 0 85 95 -56 62 0 -54 -84 -73 -84 -30 60 -19 25 120 88 92 -71 -68 120 69 6 -6 31 93 -67 -106 45 103 23 -84 47 120 120 11 10 -13 -62 38 -20 -87 97 68 91 51 -32 63 64 -20 78 -61 -74 -101 -42 -53 
-22 -52 98 63 -63 51 -101 -38 -21 -11 -104 107 37 2 14 -87 123 -7 17 -25 124 27 -110 98 -39 -91 85 -35 22 121 -16 42 17 -106 -82 20 108 72 91 51 83 81 10 -114 112 45 79 101 25 10 -39 44 9 -95 -120 18 -92 17 86 6 35 -66 19 -114 127 126 39 -49 -35 -77 -25 115 4 -117 107 -34 15 
113 84 -23 -64 -5 96 -39 6 112 -45 34 -13 125 76 -71 -94 -52 51 75 86 -32 24 -44 -26 -27 -124 55 -117 125 -88 4 125 59 122 61 40 11 41 -64 77 -30 72 49 91 106 -98 -116 -1 -54 -58 -48 -86 10 -121 -29 33 108 -96 94 124 56 0 -89 66 -70 -33 19 -3 1 98 38 -120 67 117 13 41 -58 
80 -48 -41 -25 -91 -125 12 30 98 110 -68 40 75 9 27 16 44 38 120 27 -43 -118 35 22 -27 37 108 80 -30 -97 -125 50 -41 -96 18 -76 93 15 117 18 22 117 -108 -54 -120 -109 -76 79 102 -119 87 108 -21 -107 -58 -60 31 42 17 13 90 114 39 -47 112 -100 92 54 62 102 28 -96 119 104 -20 36 108 
-58 82 79 -42 65 38 99 -110 118 104 119 99 117 71 -15 -44 -65 104 68 68 -91 -107 111 44 -55 -56 -26 -39 52 113 98 -122 -32 -57 16 -36 -99 -74 3 -48 66 -50 -63 -32 66 49 -93 85 104 -85 -29 -115 -99 -19 -120 -41 -68 -18 77 -47 120 -103 -53 -56 -107 -119 -72 -22 -15 57 41 58 70 11 76 89 -34 
-53 -87 -32 97 -20 89 57 -108 107 70 -3 58 -73 -21 -42 115 -35 95 -104 -9 -112 65 84 -52 87 -111 -24 58 -43 19 -41 27 9 -3 53 -30 -61 112 -53 -74 -11 83 22 111 -79 -49 79 9 32 -20 -52 -73 -18 19 56 -123 122 -28 3 -96 43 74 -121 -32 -100 -114 82 -77 -55 -78 83 -77 81 19 47 -38 95 
60 21 97 93 -9 -105 64 -13 72 0 114 -51 -115 108 -25 44 -56 -78 98 71 -2 -86 -101 -112 -92 -34 -73 -50 1 -12 67 -69 124 94 -124 76 -93 44 -5 46 -32 -70 -122 7 12 -108 116 -84 36 34 -93 -112 70 -4 -84 27 16 59 12 0 -88 -75 -124 122 -62 -40 -72 112 9 -4 35 5 -91 0 124 -68 62 
23 -117 -80 -125 -18 -92 24 -18 -104 80 86 72 99 103 -2 -22 -123 117 -70 51 91 51 73 -32 -37 127 126 120 -115 -87 70 100 -26 104 -106 -79 -40 22 -82 58 1 9 45 -71 74 -95 68 -60 -60 23 31 115 -54 92 67 66 -109 91 38 -4 -56 -22 -35 116 -89 -119 111 -102 -34 32 48 3 -113 41 37 -9 0 
82 -104 107 -41 106 -23 73 55 122 93 -83 90 -71 -51 97 -94 -10 80 9 -44 -29 78 -54 56 -121 -125 -16 -119 -119 -127 -56 29 33 -96 3 -117 84 125 -70 -110 84 -109 57 -110 49 78 -71 -25 -34 -43 -40 -26 -108 -18 -63 66 87 70 -53 -66 -27 106 58 -54 -87 -40 11 -40 36 -3 -114 -34 -27 -82 -18 -70 23 
-113 69 -46 -66 20 53 -78 55 -126 11 -97 -15 57 55 39 56 124 -121 101 -36 49 -59 -29 -113 68 104 59 -118 -108 -79 125 -43 -17 22 68 -35 -112 -1 105 -120 95 -103 -53 -13 50 60 77 97 -8 96 77 92 -5 -62 -81 -39 11 63 -67 106 -44 30 -34 0 -72 33 36 -2 9 103 -61 105 -51 2 30 -126 -59 
119 -47 -32 -95 -82 -3 -45 54 -111 -21 -70 71 99 96 71 0 0 19 -68 -10 105 32 -62 20 -92 -14 -10 -84 95 111 54 -89 120 116 -54 -120 -7 -48 81 -103 19 -36 125 88 -47 -35 -94 115 -15 98 32 58 -110 29 -49 42 89 -85 -91 -28 85 70 106 16 -101 76 112 -39 21 11 98 -41 -77 12 -63 75 -41 
-106 -53 -111 115 -41 -23 97 115 88 72 109 -95 13 -75 99 43 -12 106 -80 -29 -60 -125 54 -120 65 0 -82 122 121 -88 124 -107 -69 33 12 31 -108 82 -119 -14 -64 -54 51 99 -112 58 97 -71 8 -83 -72 -127 77 -40 65 -35 30 24 -95 101 -113 117 -74 -71 111 68 -11 -66 111 120 -81 -49 90 76 4 -52 -96 
-122 -80 50 -79 -62 -59 -93 -23 79 -57 18 105 2 40 127 -104 16 -50 92 -115 98 -99 -70 48 -100 41 -97 -105 -63 87 40 -28 21 -30 -13 -79 -94 111 -80 -29 122 -50 -122 -102 44 -91 -20 110 -105 62 -6 -15 80 0 -88 104 -66 -116 -85 34 -44 -18 101 78 7 -127 127 -73 -93 86 -81 -77 45 27 121 -15 -90 
-109 -68 3 -12 -120 -100 -77 97 106 -102 -95 -124 -116 99 -104 108 92 124 79 62 120 -115 -73 -76 -119 11 73 97 -82 -11 -83 -53 -66 6 -53 -6 -32 -80 -7 -11 87 -23 35 -104 -77 115 58 18 -71 96 70 57 93 9 56 -114 104 47 -20 95 -18 53 -106 98 82 48 38 -100 -37 -42 -16 -63 -66 103 124 125 -2 
-117 -123 -127 14 -17 -34 12 70 -110 -27 8 66 -2 84 34 -14 1 -106 -110 29 122 1 -73 -115 -17 -59 -126 -35 -118 2 -76 -41 8 7 -126 15 -24 -111 72 -2 -112 -116 97 71 125 -113 -38 -17 -20 11 31 36 -123 -114 85 76 -105 -38 -102 -89 47 97 50 -110 -76 83 -38 -54 12 -27 69 58 -57 61 -63 38 23 
-96 -64 0 -12 5 22 75 -78 -26 -20 87 -77 -21 51 -26 -101 27 56 -85 -80 126 -14 -106 -66 -32 -75 115 3 4 -2 105 -97 112 -91 22 -104 4 81 12 108 34 51 107 -101 -12 67 126 -20 -63 108 -125 92 -99 38 7 -10 42 -35 10 -46 -10 -34 -78 4 25 82 99 -58 -6 -104 -80 -24 -107 -125 -111 18 -98 
-67 -43 101 98 75 -64 77 -93 58 -15 121 -71 -83 -104 -38 -10 18 31 -20 -47 98 44 41 90 -26 95 12 123 -35 -31 -1 -10 -62 82 45 100 -112 -97 42 -69 -38 -60 113 -38 -16 -59 -121 -115 -46 -55 -114 -125 -43 -1 -55 -49 -83 0 48 -37 46 -44 -41 -26 65 -95 -81 -90 -102 103 101 118 97 -101 -96 -65 -4 
-47 6 38 120 -122 30 124 18 105 10 91 75 -106 90 8 27 57 124 59 43 -85 117 70 79 -8 -45 -70 60 77 91 118 87 -42 118 -35 -104 116 111 -39 88 8 114 -104 51 -73 -30 -31 14 -104 115 113 -61 -108 9 -27 84 79 11 -9 66 -49 60 -125 -1 95 76 -47 -98 53 -106 55 6 68 57 100 103 68 
-92 108 9 81 22 -84 1 54 94 -89 -40 -78 -73 -42 34 -95 -126 -37 27 113 2 55 -64 24 -52 98 44 122 12 -34 -62 -12 34 -68 67 27 106 52 -94 -54 89 62 -107 -108 -108 -117 70 74 -25 -123 101 70 34 -70 76 -30 95 -126 -50 -69 -105 -123 46 -17 47 -45 67 47 61 21 -44 119 -89 11 -102 62 -25 
-7 -58 -32 112 -116 -31 -94 -34 25 -72 -79 3 16 114 21 121 -30 93 -45 -107 -96 22 40 111 94 88 99 59 22 42 32 -30 -110 77 -19 44 -116 -6 -2 2 -4 59 17 -101 -96 -100 57 14 101 70 -121 -72 52 6 -3 101 -80 26 19 -29 104 25 80 74 -42 80 123 27 68 14 -50 20 -127 -53 -57 -55 85 
19 -55 -46 79 -77 -9 -124 -4 97 -40 -20 64 -35 -114 -14 93 -75 43 -42 29 70 -61 77 23 53 -7 -90 -7 -32 106 12 87 -10 -120 59 103 6 -52 24 -112 0 1 12 -39 70 -120 -87 6 -111 101 -28 66 -46 -117 79 -90 0 0 -13 126 -63 -78 104 -88 32 61 28 65 99 -52 -100 58 -18 72 -121 -123 -41 
67 -59 16 -3 -87 -49 81 -4 -56 107 -55 86 -58 89 -16 115 47 110 -106 27 -23 -22 76 58 62 -92 61 -96 -108 93 -103 25 123 123 -70 66 -52 61 37 121 -67 28 24 34 102 -112 43 -81 -89 -98 -105 48 -20 21 71 5 8 -102 28 106 47 -28 -76 -108 65 44 -70 7 -54 94 -83 23 118 8 -122 8 -80 
62 95 -21 -116 124 -6 78 83 -55 -81 60 -30 63 -99 46 -85 -61 10 -30 4 -1 -116 -49 -112 61 110 -13 -13 -26 88 -58 -35 -33 -91 -118 0 -103 117 53 -84 -76 1 2 -55 -100 48 -39 -60 25 -13 39 -1 -87 -82 -62 -15 108 -78 -122 111 -75 1 -9 -41 -17 -101 43 -55 74 75 80 -7 24 -101 -43 -68 -109 
68 84 -104 -5 68 -2 -126 -83 -27 0 44 83 -44 -67 34 -119 107 -66 -18 -9 66 41 27 -28 39 -18 101 -82 -65 17 -70 5 -21 63 -54 57 -78 -29 -4 47 -27 108 82 -77 -124 -92 -8 -25 5 -118 -19 -52 -29 -84 -95 -73 -111 -29 21 -47 -57 -46 110 42 -76 33 112 -102 51 22 -9 -61 91 2 -23 85 -42 
-30 -7 80 95 -38 -66 96 48 -64 72 102 -119 -44 37 -118 101 -79 126 -7 98 -91 25 -40 -24 71 -106 123 99 54 -87 -111 70 -97 33 -87 13 63 106 114 54 76 -44 36 77 -41 -104 -80 -117 60 -77 -120 7 -3 -103 10 -102 -87 -101 -91 -7 117 0 87 24 75 -3 -19 25 37 75 -88 105 63 29 107 -48 -22 
24 -18 75 101 -25 -119 113 30 22 -125 -43 -10 15 59 84 67 -123 -80 -17 74 30 29 -120 7 80 -13 25 63 5 32 79 -5 36 74 74 108 14 -66 1 -96 -22 27 -36 -73 57 122 -78 -122 -61 67 80 97 14 -29 -84 26 89 -71 -27 -32 122 80 -79 47 108 -25 99 -25 -118 91 64 -67 74 -31 -59 104 64 
-70 -39 92 29 -7 125 -124 52 108 -8 -89 -63 17 -60 42 18 -4 96 88 39 27 102 51 85 123 31 71 110 95 90 6 -79 -98 24 -81 61 53 19 -8 -89 -53 121 30 56 -89 -44 -103 32 14 -98 116 66 -8 93 17 108 -27 117 -35 -28 4 13 -55 103 -107 23 40 65 31 18 -93 34 -123 -25 85 2 15 
76 -118 -77 121 80 19 -107 117 -31 -76 114 -112 -20 103 33 -99 119 -63 37 -37 59 -111 -8 -80 -98 -43 117 103 -65 -59 41 125 89 106 35 -85 123 -10 -5 -36 3 -42 116 -4 24 -65 -1 6 -97 63 35 85 9 -24 25 119 -84 4 52 -96 4 0 -54 -54 28 114 -82 -30 -25 80 -121 -82 -77 118 -63 -105 82 
58 36 -82 18 71 12 108 33 123 -111 7 105 74 53 14 -93 125 -56 97 77 84 -117 -60 14 14 63 40 -19 50 59 19 -52 26 -67 -74 -2 80 34 85 105 -23 62 -126 -126 105 45 29 22 11 57 89 -58 -79 -24 60 84 -21 107 81 15 -88 -103 4 -20 -53 102 -55 123 30 -29 66 83 23 -51 -109 -44 3 
-24 -98 63 53 33 123 56 -84 -82 -96 11 -53 -110 24 -10 -116 -91 -17 -103 -117 -98 -54 50 -35 -8 82 -96 14 -64 126 73 -120 98 -91 -80 -1 26 35 31 23 -122 112 51 -39 17 29 23 115 50 121 -112 66 30 -16 64 -50 -60 -69 41 1 40 117 -44 27 95 48 -112 124 12 -2 79 -81 94 90 -74 -125 66 
28 -113 122 3 111 65 90 37 63 -77 116 -64 105 -15 63 53 -123 120 51 -17 42 -42 -41 104 22 -20 -25 -76 34 -81 77 52 66 -5 25 34 -52 -107 -97 -2 -112 -38 -8 83 -53 82 32 66 51 -92 114 45 -95 -42 -109 119 -22 -125 20 -11 -36 36 -29 -10 -49 74 -79 123 -116 115 6 -103 44 4 -15 32 -107 
38 -57 110 -33 57 49 -55 39 -56 97 68 104 31 15 -113 -52 -23 -2 -118 -90 -96 -110 20 107 13 -39 30 121 13 -1 -50 -55 -123 31 -44 57 73 74 74 -8 -85 10 113 69 -90 16 49 106 -113 117 -30 29 27 11 -103 -74 85 4 -101 -13 -80 -62 -62 47 -83 -27 87 2 55 7 -107 -91 65 0 23 56 -109 
107 2 -49 48 -60 124 -118 -20 70 -86 -94 -20 -105 52 -30 56 -29 84 -63 -17 -81 28 -55 8 -59 -112 -67 -82 -9 48 -126 35 34 -80 98 -67 -70 -46 -33 -33 -54 75 89 -52 -26 -9 -106 16 81 60 109 -43 75 105 77 10 56 11 54 99 -46 96 0 54 44 0 -106 108 64 122 -117 21 65 -94 94 2 29 
13 112 74 -9 46 31 -3 24 -12 -64 43 71 31 -106 -110 -30 -34 -11 -111 -110 -59 28 -117 -50 49 -102 74 -37 14 100 -40 53 87 -91 23 126 -13 50 -104 -107 -82 74 -58 43 38 0 33 52 -22 -7 -56 -12 63 50 63 -99 65 -45 -79 34 -82 -77 -53 0 -99 75 23 -95 -7 -94 -42 -94 -36 -58 -114 109 105 
-126 -13 -104 -110 -2 -66 0 -101 -25 88 -44 -32 72 -122 38 99 -2 57 101 33 -50 62 85 -13 -54 -72 -2 -24 90 -127 1 -82 -36 -53 -25 30 -97 11 58 -71 -1 -38 119 -34 124 -79 123 -75 -25 -45 32 -107 -77 -37 -93 124 -5 0 71 -107 14 4 75 60 -40 73 65 118 100 44 102 -43 71 17 24 -70 73 
-85 95 31 -5 -50 -67 75 39 112 67 47 110 87 -108 51 -16 -62 34 36 3 10 77 -95 102 -52 50 -63 69 -87 14 10 -64 71 -57 -21 -97 -127 91 42 8 15 118 -120 27 101 -13 -33 35 -40 11 -32 74 120 -63 -22 126 45 125 34 -74 -99 112 -62 49 18 111 -42 112 46 56 -96 -61 -114 -58 33 77 99 
-117 -62 -4 72 -127 -13 -122 77 -28 -7 -87 55 111 80 95 27 103 92 114 -19 -39 -26 17 -75 -30 76 -86 -115 -112 0 -61 -120 2 61 65 57 13 -99 53 -122 -118 -94 30 106 116 67 106 81 86 -49 59 90 9 80 -67 -87 -16 103 107 -110 70 77 126 39 105 64 -12 -108 -58 -25 75 -100 124 -76 91 -20 78 
23 11 -88 -1 -27 53 8 -84 -51 -24 -46 -62 72 84 -100 -32 37 94 114 -80 43 66 125 -34 -95 -44 118 -14 74 -88 -9 -2 -119 101 -87 124 -84 11 -29 -104 -38 15 2 -87 -49 -58 19 -60 -125 -6 58 116 -45 -111 110 -83 -9 -33 -11 26 32 -127 -98 -102 -82 -60 109 -106 101 110 96 54 100 88 55 -108 -118 
52 -85 117 109 60 -64 37 93 -120 26 -21 27 17 39 29 97 -20 -57 29 -118 17 -27 12 -102 114 -92 120 -27 111 125 77 111 7 76 -36 13 65 85 -86 -65 -13 -76 123 -13 -58 53 -109 -78 -79 37 -119 -51 113 -28 -125 76 -73 7 119 105 57 -17 32 -84 73 -35 -84 51 -100 85 -27 -99 -9 -3 106 111 -10 
41 -53 -108 29 -78 18 -86 17 -121 -39 -51 -95 -4 57 38 69 -102 -59 4 50 34 -59 -22 5 -78 60 -101 37 -43 -69 -37 79 34 120 -120 -69 -91 41 93 37 62 65 -82 4 34 -71 -34 79 71 104 -63 70 20 -94 -11 -47 -36 77 49 89 9 40 0 -92 46 20 -50 5 -72 -32 78 -108 -99 -58 -64 -8 -53 
-16 -86 -36 -17 -102 -5 -59 121 12 44 -104 -61 112 26 -37 107 53 24 -74 80 93 67 100 -38 62 -52 53 -72 -89 -59 5 -53 58 -73 -31 -39 93 42 33 -99 -121 120 6 125 100 108 53 29 16 75 51 126 93 111 27 -19 -9 -3 -3 -24 48 71 1 23 -9 59 -113 -41 23 -56 -44 -37 -104 -113 -113 88 -4 
-24 117 55 28 -112 63 51 -29 -80 106 -115 123 33 -21 -91 119 -105 -119 -99 61 -85 -116 93 -98 -46 35 -88 94 47 77 7 57 -3 111 61 -22 -70 -57 -70 4 78 119 -31 -123 -116 29 -57 -7 93 -96 -47 71 90 -92 -42 -110 -45 125 -102 -92 -50 21 -26 -47 -111 6 16 118 58 68 -113 0 26 -105 -117 29 -120 
-27 -101 65 -119 73 -49 -117 109 -126 -106 106 -49 -22 58 36 3 -18 17 -31 65 -105 62 -97 51 41 46 -30 -61 80 60 -120 -48 -58 24 56 49 44 101 -103 -46 -109 -107 -67 24 -62 0 -54 76 62 -39 97 126 -86 -71 -38 53 -41 -53 45 27 91 -75 -26 108 -120 14 -46 116 28 -45 56 109 -93 23 31 -67 -87 
83 122 -121 -101 62 80 47 -71 87 -110 123 -11 62 75 -80 -68 -59 65 -65 -125 4 -79 95 -23 81 95 66 50 104 -89 -81 -51 17 68 106 -15 83 80 124 71 -57 -19 40 -111 -64 -23 -17 -125 -15 -68 -37 -78 15 -36 -9 -81 -57 -79 -6 54 104 -36 -85 87 -88 -27 -58 75 -95 108 -56 60 75 112 -80 -111 87 
-52 37 108 95 64 123 88 82 93 74 44 44 -101 -112 -79 -22 29 -11 17 39 -12 -101 3 15 -84 120 -97 -117 -4 -1 67 111 -40 103 -99 46 -38 -111 -42 -118 -80 -15 127 50 126 -105 -108 22 -88 37 58 -26 -17 -63 -96 49 -69 106 3 119 -77 -39 -84 -21 18 -57 -126 36 119 28 88 113 94 -16 77 -34 94 
65 83 -75 55 41 -125 95 -45 -63 41 79 -77 17 91 -88 -45 0 105 -85 -99 -8 65 27 -20 -8 -43 2 57 -126 -40 71 -15 -41 11 -81 126 69 125 123 -3 -61 -102 -109 -50 15 102 -124 -71 83 107 -113 9 19 -56 44 -24 -42 124 28 -52 125 -102 59 -64 88 4 5 82 70 -91 85 4 105 4 36 -112 44 
-111 -6 -44 114 -74 -47 109 41 -113 90 2 -64 76 118 -54 -61 -120 1 124 -79 -19 25 12 56 -70 -72 -6 -9 46 104 121 -125 51 -82 -120 24 52 108 104 114 -92 40 -88 14 15 -62 88 52 6 -33 -28 42 64 -56 116 -30 26 41 38 41 4 -4 -111 122 66 2 -20 -103 3 120 48 17 22 75 62 92 -21 
-114 68 43 114 101 -24 25 -9 -72 25 -73 -100 18 -43 60 77 -75 70 47 -34 85 -37 -3 -126 -38 126 -111 71 125 -9 42 108 3 -84 -99 -36 37 51 -83 85 64 -20 -47 7 -21 -115 53 52 -35 -70 -29 -126 23 -99 16 -60 19 -60 -51 54 -69 106 15 -88 -123 24 23 -31 -33 -68 -63 -35 -21 22 -4 74 122 
-92 26 -63 120 -40 23 -37 19 60 -76 -74 59 108 125 -60 91 9 -69 -72 -36 -29 47 70 23 27 -108 120 1 -60 21 98 -9 -103 -112 -19 -52 -108 120 -89 -88 123 102 114 -32 -30 -107 34 26 86 -99 125 106 94 -6 79 -38 -85 108 -50 41 -6 109 63 54 -41 -20 17 67 -50 -25 78 -29 126 85 40 29 80 
-33 -82 -87 -93 -44 90 -60 7 113 29 69 -34 89 -113 -23 39 24 -117 106 -37 102 -28 -62 -41 85 -22 83 -90 120 -54 94 54 -31 -109 -86 -7 -40 122 -7 -1 109 -11 -116 -28 -88 -62 -120 77 -92 16 45 -116 3 -1 102 -24 57 -111 -118 -80 72 19 35 -69 6 -121 47 -58 -5 47 -54 54 -117 -100 102 -30 64 
30 110 -36 111 -67 90 44 110 65 -38 -51 96 -113 29 -82 100 100 -82 74 -74 111 -94 -45 -86 -12 50 66 -59 17 42 -115 112 91 -2 -24 -65 -5 -18 75 106 -104 -109 90 -89 -46 -98 107 104 -51 112 -46 -71 32 -48 -127 112 99 22 -35 43 -25 127 -62 15 -29 81 -114 30 89 -33 -111 -65 107 -81 119 69 97 
-99 -34 -89 -91 -105 61 -60 -62 -9 -89 99 -122 32 48 73 27 45 -11 -121 -41 -39 -55 5 57 96 -83 -112 90 -75 30 42 -46 17 115 -119 -84 3 17 26 41 43 87 -30 -101 119 -51 124 52 -20 -121 -39 -62 21 30 123 -5 -80 83 -80 -3 -64 98 48 5 -114 58 -14 44 93 -3 -96 -76 -115 -12 111 -29 -43 
19 91 -27 94 2 -96 -10 54 -111 -35 -62 62 -102 52 52 85 -116 21 108 0 60 120 26 114 -78 -81 -58 -81 -96 119 123 69 -10 91 -44 -14 52 79 125 -38 114 12 -100 76 110 73 55 -114 55 75 -107 30 -85 72 100 -71 -20 -61 -92 84 103 -112 -28 88 -101 59 18 125 45 87 41 -93 -56 -102 34 -100 108 
0 -32 96 46 -91 -30 79 -114 -61 -5 -67 8 68 85 66 54 61 109 34 21 -106 -125 -97 79 36 -104 121 123 -34 -111 -118 -9 -112 -92 126 76 63 -46 -10 69 -85 -32 86 -35 96 -32 -70 -41 -121 -79 0 -15 -26 29 38 91 -76 22 32 -118 57 -84 -20 -65 -44 28 4 49 -76 -113 48 -70 -13 73 -117 -78 -127 
-64 123 -117 27 -94 -78 -36 -75 -11 -25 -16 -15 125 57 -29 -18 121 -45 -83 -18 -99 14 113 26 -114 -55 91 -53 -50 77 -3 102 82 93 92 79 -54 -5 87 -95 -56 -33 45 -87 -2 -114 -24 37 65 -79 112 21 -48 43 -39 -17 113 91 -13 45 -111 -55 -102 -123 -79 -35 72 -71 -104 67 79 116 75 118 85 -100 104 
125 -11 125 55 -2 -45 -72 -5 -38 0 -60 19 -18 68 -86 75 99 90 118 6 -76 121 -57 115 -12 -126 111 39 -116 55 -34 76 -46 12 -97 -14 125 -73 56 -76 126 86 53 -87 -115 -68 30 115 112 77 110 -91 -48 104 -117 20 36 70 60 80 69 -107 112 -87 111 67 106 106 -81 -17 65 -97 -22 78 -78 -108 2 
-65 11 68 97 -87 -19 -16 4 -9 103 9 84 103 15 104 108 90 -48 103 61 -86 -5 31 63 -46 -92 -27 -22 -57 -103 10 117 -11 61 -104 -51 14 91 118 -9 -124 112 -49 -41 -55 -107 -121 103 -1 55 61 63 -58 27 63 63 -14 -87 -125 120 73 -17 -73 -75 -35 -60 69 -19 107 110 -5 -107 -102 120 -14 104 -121 
