-0.51206725835800170898 0.00070846080780029297 0.19665062427520751953 0.52127730846405029297 0.57663142681121826172 0.57509958744049072266 0.63150143623352050781 -0.79346054792404174805 0.86526644229888916016 -0.72469067573547363281 
0.45446467399597167969 -0.53645312786102294922 0.87255895137786865234 -0.70528745651245117188 -0.93040210008621215820 0.56094753742218017578 -0.49855381250381469727 0.31014168262481689453 0.85040521621704101562 -0.08864247798919677734 
-0.86197859048843383789 -0.56921267509460449219 -0.46637850999832153320 -0.55583035945892333984 -0.48565304279327392578 -0.95819693803787231445 0.87569487094879150391 0.66490995883941650391 -0.13241839408874511719 0.03239274024963378906 
-0.36803412437438964844 0.62376248836517333984 -0.35823523998260498047 -0.37276023626327514648 0.48948061466217041016 -0.28283458948135375977 -0.70768845081329345703 -0.83082103729248046875 -0.56287181377410888672 -0.38315498828887939453 
0.72584390640258789062 -0.78871029615402221680 0.16552388668060302734 0.00311064720153808594 0.15173590183258056641 0.44401299953460693359 0.95076870918273925781 0.55802321434020996094 0.33888411521911621094 0.27789819240570068359 
0.42138159275054931641 0.51076078414916992188 0.93186759948730468750 0.17922997474670410156 -0.39094144105911254883 0.86593711376190185547 -0.34998923540115356445 -0.32942336797714233398 0.40475428104400634766 -0.10440480709075927734 
0.27679085731506347656 0.97168195247650146484 0.06078612804412841797 0.20685100555419921875 0.90536582469940185547 0.91219341754913330078 0.48944556713104248047 0.02709436416625976562 -0.12747466564178466797 0.66949033737182617188 
0.96842753887176513672 0.96352529525756835938 0.33127987384796142578 -0.79097777605056762695 0.71083283424377441406 0.61434268951416015625 0.93753027915954589844 -0.47369325160980224609 0.35283863544464111328 -0.12822103500366210938 
0.64136004447937011719 -0.91177356243133544922 -0.22203475236892700195 0.16093540191650390625 0.51487994194030761719 -0.22862517833709716797 0.03389894962310791016 0.33675992488861083984 -0.25961261987686157227 0.23825359344482421875 
0.73649466037750244141 -0.66432178020477294922 0.52537834644317626953 0.53567790985107421875 -0.29126435518264770508 0.37765252590179443359 -0.33273333311080932617 0.62866306304931640625 0.19286489486694335938 -0.21764403581619262695 
0.10476469993591308594 -0.90305465459823608398 0.64903974533081054688 -0.19967377185821533203 -0.45212888717651367188 -0.71237671375274658203 0.86500561237335205078 0.68447327613830566406 0.20833647251129150391 0.61249923706054687500 
-0.05140453577041625977 0.65189993381500244141 -0.13857239484786987305 0.97284674644470214844 0.28687047958374023438 -0.47518593072891235352 0.29878067970275878906 0.44455683231353759766 -0.79720485210418701172 0.12544274330139160156 
-0.75066041946411132812 0.87161695957183837891 -0.17837679386138916016 -0.42534387111663818359 0.22686445713043212891 0.97181010246276855469 0.24550032615661621094 0.54510307312011718750 0.66930842399597167969 0.18863558769226074219 
-0.37098032236099243164 0.40905332565307617188 -0.58935832977294921875 -0.91453361511230468750 0.54822647571563720703 -0.55948621034622192383 -0.95808547735214233398 0.25623834133148193359 0.88226139545440673828 -0.35928356647491455078 
-0.97621369361877441406 -0.81165373325347900391 0.66444456577301025391 -0.59520423412322998047 0.89512002468109130859 0.33830440044403076172 0.29268801212310791016 0.34193837642669677734 -0.29368031024932861328 -0.24098140001296997070 
-0.41336774826049804688 0.32561671733856201172 -0.15495800971984863281 0.02265107631683349609 -0.60865831375122070312 -0.54549920558929443359 0.20596909523010253906 0.33291923999786376953 0.34461891651153564453 -0.89903706312179565430 
0.58309721946716308594 0.68348884582519531250 0.69110369682312011719 0.26663231849670410156 0.60858476161956787109 0.99272656440734863281 -0.09475088119506835938 0.27969467639923095703 -0.85662835836410522461 -0.30739343166351318359 
-0.18967294692993164062 0.29764652252197265625 -0.30490696430206298828 -0.16351872682571411133 0.78737640380859375000 -0.55501019954681396484 -0.89575886726379394531 0.82376563549041748047 -0.01031690835952758789 -0.00822544097900390625 
0.95043516159057617188 0.45433533191680908203 -0.77839612960815429688 0.04169142246246337891 0.48703670501708984375 -0.24915570020675659180 -0.99384373426437377930 0.16932821273803710938 -0.35642302036285400391 -0.89492714405059814453 
0.97246122360229492188 -0.32166868448257446289 0.73153102397918701172 -0.26635211706161499023 0.91593980789184570312 -0.66872596740722656250 -0.06968170404434204102 0.39349591732025146484 0.44338941574096679688 0.84930586814880371094 
0.84355807304382324219 -0.61064231395721435547 -0.31346493959426879883 0.73535490036010742188 0.31468105316162109375 -0.03292125463485717773 0.85813927650451660156 -0.75984120368957519531 -0.29460304975509643555 -0.78303462266921997070 
0.13573396205902099609 0.01644575595855712891 -0.14549762010574340820 0.68318521976470947266 0.03638851642608642578 0.51108872890472412109 0.76402199268341064453 0.10452461242675781250 -0.49420696496963500977 0.13605487346649169922 
-0.49495255947113037109 0.14384424686431884766 -0.49329990148544311523 -0.08025252819061279297 0.13117647171020507812 0.01881706714630126953 0.31597375869750976562 0.36974024772644042969 -0.26739227771759033203 0.70787322521209716797 
-0.24907976388931274414 0.66992497444152832031 -0.05165606737136840820 0.51012814044952392578 0.39356851577758789062 -0.05585187673568725586 -0.02699965238571166992 0.70101535320281982422 0.71287202835083007812 -0.95652878284454345703 
-0.60020136833190917969 -0.32051151990890502930 0.58947169780731201172 0.39015877246856689453 -0.64361512660980224609 0.05414152145385742188 -0.53481900691986083984 -0.24723857641220092773 -0.45384454727172851562 0.47005069255828857422 
-0.18042397499084472656 0.75355744361877441406 0.96874797344207763672 0.43189680576324462891 0.09141755104064941406 0.81519222259521484375 0.14404249191284179688 -0.92570132017135620117 -0.52846926450729370117 0.25951421260833740234 
-0.99076354503631591797 0.85278284549713134766 0.68297946453094482422 0.10230970382690429688 0.59025466442108154297 0.18280708789825439453 0.28384375572204589844 -0.58078098297119140625 -0.87922418117523193359 0.96950829029083251953 
-0.86729812622070312500 0.65269160270690917969 0.07881903648376464844 0.67346465587615966797 0.81077802181243896484 -0.93289953470230102539 0.00647199153900146484 0.40903162956237792969 0.36860954761505126953 -0.84881103038787841797 
-0.95585083961486816406 0.12493109703063964844 0.55148267745971679688 0.61779606342315673828 -0.36699533462524414062 0.76785683631896972656 -0.78023165464401245117 -0.56188166141510009766 -0.59106194972991943359 0.84849894046783447266 
-0.10904169082641601562 0.44739329814910888672 0.12161278724670410156 0.37141788005828857422 0.71188974380493164062 -0.37045300006866455078 -0.13693201541900634766 0.15605175495147705078 0.77572786808013916016 -0.84161341190338134766 
0.47742414474487304688 -0.26046943664550781250 0.87952566146850585938 -0.41895586252212524414 0.58247232437133789062 0.52389800548553466797 -0.91727495193481445312 0.21926856040954589844 0.31045913696289062500 0.17325460910797119141 
-0.82858055830001831055 -0.41257542371749877930 0.57258903980255126953 -0.55163705348968505859 -0.07341271638870239258 0.29406869411468505859 0.99189579486846923828 -0.19781637191772460938 -0.79308176040649414062 -0.85059601068496704102 
0.88028621673583984375 0.29879760742187500000 -0.74178683757781982422 -0.79261076450347900391 -0.11294990777969360352 -0.20565283298492431641 0.93211686611175537109 0.21198379993438720703 0.66953933238983154297 -0.66550004482269287109 
-0.35081291198730468750 -0.09077924489974975586 -0.00473028421401977539 -0.33606636524200439453 -0.26089531183242797852 0.32273387908935546875 0.68526411056518554688 0.38162624835968017578 -0.52054822444915771484 0.61869144439697265625 
0.85286068916320800781 0.44003164768218994141 0.76598930358886718750 -0.92988216876983642578 -0.34189736843109130859 0.27169370651245117188 0.92644107341766357422 0.23993051052093505859 -0.31645667552947998047 0.32081985473632812500 
0.29789006710052490234 -0.54876661300659179688 0.48764288425445556641 -0.98922175168991088867 -0.72420954704284667969 -0.31998318433761596680 0.09194886684417724609 0.46552920341491699219 -0.43713665008544921875 0.97821497917175292969 
-0.58541524410247802734 -0.57847452163696289062 0.45731961727142333984 -0.72508156299591064453 -0.41297537088394165039 -0.73348534107208251953 -0.07188194990158081055 0.18740618228912353516 0.28430151939392089844 -0.48096883296966552734 
-0.84594017267227172852 -0.37870097160339355469 -0.27512580156326293945 -0.59615731239318847656 0.88930356502532958984 -0.42568206787109375000 -0.09814125299453735352 0.62503552436828613281 -0.90845835208892822266 -0.19387584924697875977 
-0.58244955539703369141 0.57743084430694580078 -0.83284676074981689453 -0.34701836109161376953 -0.92432755231857299805 -0.21568089723587036133 0.86864101886749267578 0.16805636882781982422 0.24639844894409179688 -0.09788054227828979492 
-0.79051214456558227539 -0.81154578924179077148 -0.12696808576583862305 -0.87608873844146728516 0.32082414627075195312 0.50342833995819091797 0.98794841766357421875 -0.74413406848907470703 -0.09570419788360595703 0.26272928714752197266 
0.20329034328460693359 -0.96911489963531494141 -0.14576917886734008789 -0.42315971851348876953 -0.34392827749252319336 0.23939061164855957031 -0.37296998500823974609 0.36564302444458007812 -0.04760432243347167969 0.09240257740020751953 
0.36609697341918945312 -0.13148182630538940430 -0.75948780775070190430 0.76439714431762695312 0.21333420276641845703 -0.14233326911926269531 -0.56993365287780761719 0.73175251483917236328 0.42419922351837158203 0.51881730556488037109 
-0.16693174839019775391 0.03691780567169189453 0.06126403808593750000 -0.72175049781799316406 0.38123154640197753906 0.42899644374847412109 0.08745825290679931641 -0.30449271202087402344 -0.16629266738891601562 0.88536751270294189453 
-0.42592078447341918945 0.37755584716796875000 0.99855434894561767578 -0.78108894824981689453 0.05403530597686767578 0.33688485622406005859 -0.23044580221176147461 0.15195751190185546875 -0.85959142446517944336 0.66208302974700927734 
-0.58850520849227905273 0.26441574096679687500 -0.38585120439529418945 0.57558238506317138672 -0.06359928846359252930 -0.00051307678222656250 -0.76706653833389282227 0.93126821517944335938 -0.75329035520553588867 -0.07792139053344726562 
0.65729761123657226562 0.41150069236755371094 -0.44712483882904052734 0.83556866645812988281 -0.26643359661102294922 0.98391938209533691406 0.77501034736633300781 0.52177536487579345703 0.61601972579956054688 -0.11164474487304687500 
0.79689979553222656250 -0.84741193056106567383 0.57802891731262207031 0.03682518005371093750 -0.41076624393463134766 -0.09757250547409057617 0.07769846916198730469 0.58219981193542480469 -0.63536000251770019531 0.53602290153503417969 
0.36353754997253417969 0.32052099704742431641 -0.13334947824478149414 -0.91170078516006469727 -0.70931780338287353516 0.52189290523529052734 0.29192340373992919922 -0.56791150569915771484 0.34326851367950439453 -0.08383768796920776367 
-0.92766666412353515625 0.60110902786254882812 0.13459432125091552734 -0.99947142601013183594 0.51353633403778076172 0.91133546829223632812 -0.92803966999053955078 0.59682178497314453125 -0.81639087200164794922 -0.00386816263198852539 
-0.72073036432266235352 -0.37500536441802978516 0.11728203296661376953 -0.67891657352447509766 0.01687276363372802734 0.46735405921936035156 -0.35010647773742675781 0.01063239574432373047 -0.76594001054763793945 -0.69042372703552246094 
0.55722332000732421875 -0.27407395839691162109 0.17624032497406005859 -0.70567435026168823242 0.39322030544281005859 -0.86026692390441894531 0.05415046215057373047 -0.10130953788757324219 -0.31142443418502807617 -0.76749837398529052734 
0.08514046669006347656 -0.18675583600997924805 -0.88950318098068237305 0.79249286651611328125 0.42167139053344726562 0.49972438812255859375 0.19633245468139648438 -0.83767157793045043945 0.75445616245269775391 0.35341227054595947266 
-0.43801134824752807617 0.75494062900543212891 -0.25892472267150878906 -0.55558609962463378906 -0.69709950685501098633 0.30975639820098876953 0.24955356121063232422 0.19917201995849609375 0.23547959327697753906 0.83322703838348388672 
0.70295047760009765625 0.12294709682464599609 0.78023517131805419922 0.73244428634643554688 -0.18271392583847045898 0.21507024765014648438 -0.34458786249160766602 0.40047323703765869141 -0.75562417507171630859 -0.73486411571502685547 
-0.62424015998840332031 -0.69756352901458740234 -0.09058582782745361328 -0.66757547855377197266 -0.53695178031921386719 0.80053269863128662109 0.51434075832366943359 -0.25978338718414306641 -0.00467532873153686523 0.31700444221496582031 
0.11907708644866943359 -0.02926051616668701172 -0.43570274114608764648 0.19312965869903564453 0.56322050094604492188 -0.78478211164474487305 -0.21708160638809204102 -0.74526029825210571289 -0.45935666561126708984 0.39337241649627685547 
0.48134160041809082031 0.84249508380889892578 0.07852363586425781250 0.41422629356384277344 -0.88385534286499023438 -0.57972431182861328125 0.12707877159118652344 0.22219610214233398438 -0.37318480014801025391 -0.00248479843139648438 
0.05496871471405029297 -0.60762089490890502930 -0.46834421157836914062 0.55733907222747802734 -0.68426084518432617188 0.04569327831268310547 -0.33978402614593505859 0.28560340404510498047 0.36369884014129638672 0.10660827159881591797 
0.08664441108703613281 0.41454994678497314453 0.73772573471069335938 0.76158666610717773438 0.55260670185089111328 0.87787020206451416016 -0.32716417312622070312 -0.54299962520599365234 0.86339366436004638672 0.87395083904266357422 
0.48108351230621337891 0.37982821464538574219 0.68742048740386962891 0.47573411464691162109 0.15968310832977294922 0.06087565422058105469 0.52998745441436767578 -0.97375535964965820312 -0.14393109083175659180 0.30314290523529052734 
-0.98865723609924316406 0.52696108818054199219 0.93980085849761962891 -0.87428933382034301758 -0.81948596239089965820 0.59405755996704101562 -0.24753195047378540039 -0.61503410339355468750 -0.31303942203521728516 -0.72718441486358642578 
0.08255481719970703125 -0.99531567096710205078 -0.88311278820037841797 -0.73771131038665771484 -0.06139904260635375977 0.20818412303924560547 -0.74421453475952148438 0.01844513416290283203 0.36311602592468261719 -0.02700126171112060547 
0.62297201156616210938 -0.51979148387908935547 -0.85277444124221801758 -0.27455538511276245117 0.93729126453399658203 -0.01341605186462402344 0.39409732818603515625 -0.52873891592025756836 -0.75606489181518554688 -0.01005071401596069336 
0.84290504455566406250 -0.12767565250396728516 0.96855258941650390625 -0.99584406614303588867 -0.38846713304519653320 0.30276477336883544922 0.75898897647857666016 -0.84213280677795410156 -0.59194815158843994141 0.06939017772674560547 
-0.46495366096496582031 0.22305738925933837891 -0.79646587371826171875 -0.20234251022338867188 0.72574090957641601562 0.24002444744110107422 0.21900641918182373047 -0.34178662300109863281 -0.38152462244033813477 -0.57494604587554931641 
0.78145205974578857422 -0.52520132064819335938 0.00773596763610839844 -0.57546520233154296875 -0.27942353487014770508 -0.05307585000991821289 -0.02545845508575439453 -0.90438920259475708008 0.22889363765716552734 0.92341732978820800781 
0.27841901779174804688 -0.43646258115768432617 -0.48402857780456542969 -0.54391717910766601562 0.57453191280364990234 -0.77144026756286621094 -0.19234120845794677734 -0.50128650665283203125 0.40098166465759277344 -0.21362924575805664062 
-0.09604555368423461914 -0.21458685398101806641 -0.32335954904556274414 -0.88832724094390869141 -0.44276154041290283203 -0.54275429248809814453 0.70697319507598876953 0.30133962631225585938 -0.03387999534606933594 0.57849657535552978516 
0.61087691783905029297 -0.36287021636962890625 -0.10851472616195678711 -0.11540544033050537109 -0.73724907636642456055 0.24993050098419189453 0.39681458473205566406 0.63559222221374511719 0.67273473739624023438 -0.42257744073867797852 
-0.23576378822326660156 -0.55366927385330200195 -0.16977787017822265625 0.65217757225036621094 -0.73731684684753417969 0.97889637947082519531 0.30475032329559326172 0.60176122188568115234 -0.38352781534194946289 0.72776055335998535156 
-0.27073949575424194336 -0.86555379629135131836 0.85355639457702636719 0.02116894721984863281 -0.15628826618194580078 -0.19164216518402099609 -0.75839793682098388672 -0.62779188156127929688 -0.14204132556915283203 -0.47779631614685058594 
0.29515886306762695312 -0.38424396514892578125 0.15997672080993652344 0.23721539974212646484 0.62494838237762451172 0.88466107845306396484 -0.52692776918411254883 0.66934967041015625000 0.17725861072540283203 0.44979536533355712891 
0.07404565811157226562 0.26032459735870361328 0.12641966342926025391 0.40233993530273437500 -0.64832210540771484375 0.84401738643646240234 -0.43530422449111938477 -0.57115179300308227539 -0.06810051202774047852 0.72074437141418457031 
-0.95061165094375610352 -0.97374284267425537109 0.45978128910064697266 0.10466206073760986328 0.13961637020111083984 -0.57735919952392578125 0.29404437541961669922 -0.18639761209487915039 0.40119957923889160156 0.30334746837615966797 
0.88625967502593994141 0.64238905906677246094 0.76095843315124511719 0.22551023960113525391 -0.39231950044631958008 0.34585714340209960938 0.87163805961608886719 0.83803057670593261719 0.57194149494171142578 0.18897163867950439453 
-0.14946311712265014648 -0.73356807231903076172 -0.06279450654983520508 0.84612560272216796875 -0.66806733608245849609 -0.27999097108840942383 0.55508649349212646484 0.58169078826904296875 0.79724490642547607422 -0.18946313858032226562 
0.42544019222259521484 0.42557382583618164062 0.87444865703582763672 0.51404309272766113281 -0.62619656324386596680 0.86597383022308349609 -0.57904255390167236328 -0.96288514137268066406 0.57111680507659912109 0.38167083263397216797 
