-65 0 25 66 73 73 80 -101 110 -92 
57 -68 111 -89 -118 71 -63 39 108 -11 
-109 -72 -59 -70 -61 -122 111 84 -16 4 
-46 79 -45 -47 62 -36 -90 -105 -71 -48 
92 -100 21 0 19 56 121 71 43 35 
53 65 118 22 -49 110 -44 -42 51 -13 
35 123 7 26 115 116 62 3 -16 85 
123 122 42 -100 90 78 119 -60 44 -16 
81 -116 -28 20 65 -29 4 42 -33 30 
93 -84 66 68 -37 48 -42 80 24 -27 
13 -115 82 -25 -57 -90 110 87 26 78 
-6 83 -17 124 36 -60 38 56 -101 15 
-95 111 -22 -54 28 123 31 69 85 24 
-47 52 -75 -116 69 -71 -122 32 112 -45 
-124 -103 84 -75 114 43 37 43 -37 -30 
-52 41 -19 2 -77 -69 26 42 43 -114 
74 87 88 33 77 126 -12 35 -109 -39 
-24 37 -38 -20 100 -70 -114 105 -1 -1 
121 57 -99 5 62 -31 -126 21 -45 -114 
123 -41 93 -33 116 -85 -8 50 56 108 
107 -77 -39 93 40 -4 109 -96 -37 -99 
17 2 -18 87 4 65 97 13 -63 17 
-63 18 -62 -10 16 2 40 47 -34 90 
-31 85 -6 65 50 -7 -3 89 90 -121 
-76 -40 75 49 -82 6 -68 -31 -57 59 
-23 96 123 55 11 103 18 -118 -67 33 
-126 108 87 13 75 23 36 -74 -112 123 
-110 83 10 85 103 -118 0 52 46 -108 
-121 15 70 78 -46 97 -99 -71 -75 108 
-13 57 15 47 90 -47 -17 19 98 -107 
60 -33 112 -53 74 66 -116 27 39 22 
-105 -52 73 -70 -9 37 126 -25 -101 -108 
112 38 -94 -101 -14 -26 118 27 85 -84 
-44 -11 0 -42 -33 41 87 48 -66 78 
108 56 97 -118 -43 34 118 30 -40 40 
37 -69 62 -126 -92 -40 11 59 -55 124 
-74 -73 58 -92 -52 -93 -9 23 36 -61 
-107 -48 -35 -76 113 -54 -12 79 -115 -24 
-74 73 -106 -44 -117 -27 110 21 31 -12 
-100 -103 -16 -111 40 64 125 -94 -12 33 
25 -123 -18 -53 -43 30 -47 46 -6 11 
46 -16 -96 97 27 -18 -72 93 54 66 
-21 4 7 -92 48 54 11 -38 -21 112 
-54 48 127 -99 6 42 -29 19 -109 84 
-75 33 -49 73 -8 0 -97 118 -96 -9 
83 52 -57 106 -33 125 98 66 78 -14 
101 -108 73 4 -52 -12 9 74 -81 68 
46 40 -17 -116 -90 66 37 -72 43 -10 
-118 76 17 -127 65 116 -118 76 -104 0 
-91 -47 14 -86 2 59 -44 1 -97 -88 
71 -34 22 -89 50 -109 6 -12 -39 -97 
10 -23 -113 101 53 63 25 -106 96 45 
-55 96 -33 -70 -88 39 31 25 30 106 
89 15 99 93 -23 27 -43 51 -96 -93 
-79 -88 -11 -85 -68 102 65 -33 0 40 
15 -3 -55 24 71 -100 -27 -95 -58 50 
61 107 10 52 -112 -73 16 28 -47 0 
7 -77 -59 71 -87 5 -43 36 46 13 
11 52 94 97 70 111 -41 -69 110 111 
61 48 87 60 20 7 67 -124 -18 38 
-126 67 119 -111 -104 75 -31 -78 -39 -92 
10 -126 -112 -94 -7 26 -94 2 46 -3 
79 -66 -108 -35 119 -1 50 -67 -96 -1 
107 -16 123 -126 -49 38 96 -107 -75 8 
-59 28 -101 -25 92 30 27 -43 -48 -73 
99 -66 0 -73 -35 -6 -3 -115 29 117 
35 -55 -61 -69 73 -98 -24 -63 51 -27 
-12 -27 -41 -113 -56 -69 90 38 -4 73 
77 -46 -13 -14 -93 31 50 81 85 -53 
-30 -70 -21 83 -94 124 38 76 -48 92 
-34 -110 108 2 -19 -24 -96 -80 -18 -60 
37 -48 20 30 79 112 -67 85 22 57 
9 33 16 51 -82 107 -55 -72 -8 91 
-121 -124 58 13 17 -73 37 -23 51 38 
112 81 97 28 -50 44 111 106 72 24 
-19 -93 -8 107 -85 -35 70 74 101 -24 
54 54 111 65 -79 110 -73 -122 72 48 
