1.80096173286437988281 0.51452559232711791992 -0.32773071527481079102 1.40355694293975830078 1.10525918006896972656 -0.95095032453536987305 -1.28503167629241943359 0.05599572509527206421 -0.33603543043136596680 -0.24883596599102020264 
0.42079231142997741699 1.20741927623748779297 1.18433701992034912109 -0.38580259680747985840 1.50553393363952636719 0.19326768815517425537 1.17688727378845214844 1.33003592491149902344 0.71048009395599365234 0.38458132743835449219 
-0.74156171083450317383 1.63291347026824951172 1.99374091625213623047 0.50035876035690307617 1.48147463798522949219 -1.42267000675201416016 1.67089533805847167969 -1.40636587142944335938 -0.89525991678237915039 -0.58132964372634887695 
-1.14543926715850830078 -1.95862913131713867188 1.93566906452178955078 -0.14643156528472900391 -1.53099763393402099609 -0.32113578915596008301 -1.22909700870513916016 0.36192655563354492188 1.15972828865051269531 0.65478968620300292969 
-1.16168236732482910156 1.58876419067382812500 -1.48300135135650634766 -1.15942299365997314453 0.73863065242767333984 1.02282273769378662109 -0.44240897893905639648 1.03179907798767089844 -1.66741466522216796875 -0.57204794883728027344 
-0.78851997852325439453 -1.29498517513275146484 -0.68367302417755126953 -1.36099529266357421875 0.36882680654525756836 0.55482786893844604492 1.46938407421112060547 -0.26776582002639770508 0.63237923383712768555 0.69545835256576538086 
1.73531794548034667969 -0.24407297372817993164 0.26935347914695739746 0.25176703929901123047 1.89725971221923828125 0.83529502153396606445 1.11435770988464355469 -1.09756505489349365234 0.44314175844192504883 1.74985110759735107422 
-0.41712847352027893066 1.78868794441223144531 -0.62431877851486206055 0.29805359244346618652 1.90641939640045166016 -1.39909934997558593750 -1.28570342063903808594 1.38450503349304199219 -1.35727047920227050781 1.03534078598022460938 
0.29206931591033935547 -1.38267302513122558594 -1.07167387008666992188 -0.46237692236900329590 -0.23167696595191955566 1.28710782527923583984 -1.76090371608734130859 1.87100219726562500000 1.21541869640350341797 1.50797653198242187500 
1.63834822177886962891 1.53087556362152099609 -0.91406762599945068359 0.99058085680007934570 1.41589188575744628906 1.36386537551879882812 -1.11234259605407714844 -0.16768185794353485107 -1.97084188461303710938 0.64819478988647460938 
-0.29341271519660949707 1.62631857395172119141 1.58851993083953857422 0.50292342901229858398 -1.89066481590270996094 -1.33675289154052734375 -0.07016257941722869873 -0.90881609916687011719 0.02179986238479614258 1.34194338321685791016 
0.84915655851364135742 0.68061977624893188477 1.14617204666137695312 0.43263873457908630371 -1.18177235126495361328 -1.87936794757843017578 1.87375009059906005859 -0.03040989302098751068 -0.59616822004318237305 0.59018397331237792969 
0.85929316282272338867 1.67022359371185302734 0.93049383163452148438 -1.81592249870300292969 0.11870849877595901489 -1.94666051864624023438 1.91338062286376953125 0.26666668057441711426 -0.79688572883605957031 -0.16969697177410125732 
-1.43543243408203125000 1.69880163669586181641 0.83822607994079589844 1.39934360980987548828 0.84708034992218017578 1.38829100131988525391 -1.09567213058471679688 0.11736508458852767944 -1.83949315547943115234 0.44753834605216979980 
-0.56136173009872436523 1.52018928527832031250 -1.95484316349029541016 1.39396989345550537109 -1.89469504356384277344 -0.20029005408287048340 0.04066865146160125732 -0.45395007729530334473 -1.79351198673248291016 -1.27709341049194335938 
0.07242195308208465576 -1.61612093448638916016 1.83955419063568115234 -1.53057014942169189453 1.01525080204010009766 -1.80273258686065673828 1.92186856269836425781 -1.22183036804199218750 1.48977935314178466797 -0.03572246432304382324 
-0.98368060588836669922 -1.78337526321411132812 -1.33125710487365722656 -0.11461720615625381470 0.07926112413406372070 -0.67787194252014160156 1.05072891712188720703 0.51336538791656494141 0.55995726585388183594 -1.38816881179809570312 
1.08303177356719970703 0.89727503061294555664 0.97354400157928466797 0.07040683925151824951 -0.39013814926147460938 -1.07216238975524902344 0.90869396924972534180 1.69422185420989990234 -1.10800707340240478516 0.18404701352119445801 
-1.35855281352996826172 0.31912067532539367676 -0.12170063704252243042 1.72029614448547363281 1.52794444561004638672 1.23526453971862792969 -0.77148306369781494141 0.15650713443756103516 0.16481184959411621094 -0.95449203252792358398 
-1.89945805072784423828 1.89274096488952636719 -0.13140980899333953857 -0.06991832703351974487 -0.29506143927574157715 -1.26634609699249267578 0.25695747137069702148 -1.02624225616455078125 0.42030379176139831543 -0.34977483749389648438 
1.22903597354888916016 1.34676742553710937500 1.52086102962493896484 1.15942299365997314453 1.02660870552062988281 1.46004116535186767578 -0.19827494025230407715 0.63824135065078735352 -0.47355163097381591797 1.91435766220092773438 
-0.27997863292694091797 -0.63176858425140380859 -1.45582783222198486328 1.51884591579437255859 -0.01441111322492361069 -0.59647357463836669922 0.37175789475440979004 1.73873746395111083984 -0.10179375857114791870 0.29109227657318115234 
-0.40564841032028198242 0.11681550741195678711 1.94739329814910888672 1.67523086071014404297 -1.04101979732513427734 1.55621707439422607422 -1.86110985279083251953 0.32553240656852722168 1.15588128566741943359 0.18624532222747802734 
1.17584919929504394531 -0.86790323257446289062 -1.34878253936767578125 0.75273644924163818359 1.73916494846343994141 -0.45590412616729736328 1.75876653194427490234 0.89587056636810302734 1.56690323352813720703 0.68263489007949829102 
-0.41181588172912597656 1.72664678096771240234 -0.00170979311224073172 0.21836501359939575195 1.38328373432159423828 -1.64341652393341064453 0.34751546382904052734 1.35299599170684814453 0.28871077299118041992 -1.89603841304779052734 
-1.78966486454010009766 -1.80541944503784179688 0.17671933770179748535 -1.74685907363891601562 1.70209908485412597656 -1.54088997840881347656 -1.82868480682373046875 1.34121060371398925781 -1.42028856277465820312 -1.14843142032623291016 
1.38835203647613525391 0.63317304849624633789 -0.32681474089622497559 -1.91099917888641357422 -1.51157927513122558594 -0.19351194798946380615 -1.96345317363739013672 -0.25573620200157165527 0.82405924797058105469 -0.80573999881744384766 
-0.95168310403823852539 -0.85208761692047119141 0.56050682067871093750 -1.31947183609008789062 0.88182580471038818359 0.56581938266754150391 -1.55756044387817382812 1.17920768260955810547 0.04701931029558181763 -0.62016642093658447266 
-0.76055264472961425781 0.35191208124160766602 -0.93574535846710205078 -1.69971752166748046875 0.23839402198791503906 -1.47756659984588623047 0.84860700368881225586 1.98415386676788330078 1.86001074314117431641 -0.18496297299861907959 
1.35238528251647949219 1.76108694076538085938 -1.55218684673309326172 0.42305168509483337402 0.26678878068923950195 1.22115874290466308594 0.18990916013717651367 1.53453934192657470703 1.04969084262847900391 1.97078084945678710938 
0.83706587553024291992 1.15838479995727539062 1.07258987426757812500 1.86440730094909667969 1.21456372737884521484 0.69625216722488403320 0.98032212257385253906 1.51799094676971435547 0.25683534145355224609 0.83627206087112426758 
1.75498056411743164062 -0.37065872550010681152 -0.51623541116714477539 -0.81422793865203857422 0.56575834751129150391 -0.34305778145790100098 -1.27239143848419189453 -1.58558893203735351562 0.11907488107681274414 -0.62908172607421875000 
-0.94808030128479003906 -0.24407297372817993164 -0.75261431932449340820 -1.85030150413513183594 1.03711163997650146484 1.08065032958984375000 -1.70655679702758789062 -1.61728107929229736328 0.20883901417255401611 0.17329974472522735596 
-0.97787952423095703125 0.56716281175613403320 1.31110596656799316406 0.67805510759353637695 -1.71925806999206542969 -1.60690021514892578125 1.27208614349365234375 -0.60508358478546142578 -1.20332801342010498047 1.97597134113311767578 
1.63627207279205322266 -0.45205709338188171387 -0.27881839871406555176 1.58784830570220947266 -1.83460807800292968750 -1.46688044071197509766 0.34995803236961364746 0.06973513215780258179 0.53956186771392822266 -1.23239445686340332031 
1.13347077369689941406 1.91515147686004638672 -0.21341882646083831787 0.59177160263061523438 -0.64037859439849853516 -0.84708034992218017578 0.40601480007171630859 0.03303564712405204773 1.72121214866638183594 1.23764598369598388672 
-0.77844440937042236328 -0.55891919136047363281 1.49667966365814208984 -0.80848789215087890625 1.17945194244384765625 -1.33327221870422363281 -0.23961529135704040527 -0.30183956027030944824 1.86056029796600341797 -1.68970310688018798828 
1.72316622734069824219 1.34975957870483398438 -1.32411265373229980469 1.37937557697296142578 1.89683234691619873047 -1.55975878238677978516 1.54754602909088134766 0.50799173116683959961 0.76830774545669555664 0.97745209932327270508 
-0.72727274894714355469 1.51713609695434570312 -0.12902832031250000000 0.71414393186569213867 -1.90751850605010986328 -1.45845353603363037109 -0.97409355640411376953 -1.61325085163116455078 0.20566369593143463135 1.02923440933227539062 
0.05257613956928253174 0.61277765035629272461 1.43427217006683349609 -0.54921001195907592773 -0.34171438217163085938 -1.36410963535308837891 1.79662621021270751953 1.14250814914703369141 -0.00952599011361598969 1.07784140110015869141 
0.32547134160995483398 -0.98288679122924804688 -0.92744064331054687500 1.07069694995880126953 -1.25388896465301513672 -0.41957101225852966309 -1.69055795669555664062 -0.66596442461013793945 1.44807267189025878906 -0.90002292394638061523 
1.71217465400695800781 0.68489426374435424805 -1.19972527027130126953 0.43019616603851318359 0.02827265113592147827 1.78679490089416503906 0.44900390505790710449 -0.41651782393455505371 0.35185101628303527832 -1.33223414421081542969 
0.45230135321617126465 -0.18966491520404815674 0.67292571067810058594 1.65972065925598144531 1.45668268203735351562 0.89599269628524780273 -0.73362338542938232422 1.67523086071014404297 -1.25639259815216064453 1.03094422817230224609 
-1.82850158214569091797 0.49321424961090087891 -1.56653690338134765625 1.99325239658355712891 0.86741471290588378906 -0.38476452231407165527 -1.85280513763427734375 0.01044195145368576050 1.97242963314056396484 -0.59903824329376220703 
1.44587433338165283203 -0.46671247482299804688 0.91675442457199096680 -0.29188612103462219238 -0.03010457195341587067 1.55059921741485595703 -0.91113656759262084961 1.39378678798675537109 -0.38421493768692016602 -1.51225101947784423828 
-1.19654989242553710938 0.73783677816390991211 -1.73330283164978027344 0.15864437818527221680 -0.86613237857818603516 0.25933897495269775391 -0.14069154858589172363 0.05068315565586090088 1.31458663940429687500 -1.76847565174102783203 
-1.28155100345611572266 0.15259903669357299805 0.95626288652420043945 -0.92548662424087524414 1.21169376373291015625 0.98410809040069580078 -0.72861611843109130859 -1.07533776760101318359 0.32455536723136901855 1.15209531784057617188 
1.89194715023040771484 1.40111446380615234375 0.82027328014373779297 -1.41363251209259033203 0.07394855469465255737 -0.30354934930801391602 -1.59444320201873779297 1.57691776752471923828 0.42500573396682739258 -1.50058770179748535156 
1.61447215080261230469 0.65527820587158203125 1.09628272056579589844 -0.71890693902969360352 -1.88651251792907714844 -0.95815587043762207031 -1.35690402984619140625 -0.25231662392616271973 -0.62914282083511352539 -1.07045269012451171875 
1.97755897045135498047 1.32478439807891845703 1.95685827732086181641 0.96365165710449218750 -0.55085873603820800781 1.96449124813079833984 -1.11838793754577636719 0.90466374158859252930 1.94708800315856933594 -1.60983133316040039062 
1.82612013816833496094 1.81836497783660888672 1.39995419979095458984 -1.13786733150482177734 -1.11044955253601074219 1.12009775638580322266 0.72513550519943237305 0.46335393190383911133 0.28919929265975952148 0.34678268432617187500 
-1.29321420192718505859 0.21915884315967559814 0.69893902540206909180 1.47335314750671386719 -0.97012442350387573242 -1.66484999656677246094 1.22372341156005859375 1.82276165485382080078 0.86894130706787109375 -0.99693155288696289062 
-1.51628124713897705078 -0.20254942774772644043 -1.66283488273620605469 1.70380890369415283203 1.98201668262481689453 0.43868407607078552246 1.96955955028533935547 -1.94812607765197753906 0.50335091352462768555 -1.05280518531799316406 
0.92408215999603271484 -1.23153960704803466797 1.38517665863037109375 0.08359666913747787476 -1.90971684455871582031 -1.53533315658569335938 -0.67579573392868041992 -0.49419128894805908203 0.77813905477523803711 0.30403786897659301758 
0.92334938049316406250 1.30603766441345214844 0.31344172358512878418 -1.35586595535278320312 -1.20906805992126464844 1.52116632461547851562 -0.33499732613563537598 0.90002292394638061523 -1.24564540386199951172 1.64970612525939941406 
-0.19815281033515930176 -0.78314632177352905273 0.38934433460235595703 -1.43237924575805664062 0.51794517040252685547 0.70278602838516235352 -0.14966796338558197021 -1.63230288028717041016 0.21170902252197265625 -0.13122662901878356934 
0.43795129656791687012 0.70187008380889892578 0.42628806829452514648 1.11606752872467041016 1.56891834735870361328 0.11473933607339859009 0.54872149229049682617 -1.35165250301361083984 -1.97700941562652587891 -1.87210130691528320312 
-1.03320360183715820312 -1.46168994903564453125 -1.25346159934997558594 1.50217545032501220703 -0.43831768631935119629 0.14630943536758422852 0.26910921931266784668 -0.07346004247665405273 -1.21224331855773925781 -0.77765053510665893555 
-0.04488207027316093445 0.37633767724037170410 -1.71473932266235351562 0.02833371423184871674 -0.83431798219680786133 0.46536904573440551758 1.58601629734039306641 -1.61190748214721679688 0.99363404512405395508 -1.72005188465118408203 
1.67529201507568359375 1.99380195140838623047 1.44715666770935058594 1.54003512859344482422 -0.36907106637954711914 0.92890620231628417969 0.83199757337570190430 -1.32362413406372070312 -1.41711318492889404297 0.62285321950912475586 
1.94043207168579101562 -0.68348979949951171875 0.27515456080436706543 1.47530722618103027344 0.33518052101135253906 -1.31965494155883789062 -1.93505835533142089844 -0.32437217235565185547 -0.58071905374526977539 1.44337069988250732422 
