29493 8426 -5367 22985 18100 -15573 -21044 917 -5503 -4075 
6891 19773 19395 -6318 24655 3165 19273 21781 11635 6298 
-12144 26741 32650 8194 24261 -23298 27363 -23031 -14661 -9520 
-18758 -32075 31699 -2398 -25072 -5259 -20128 5927 18992 10723 
-19024 26018 -24286 -18987 12096 16750 -7245 16897 -27306 -9368 
-12913 -21207 -11196 -22288 6040 9086 24063 -4385 10356 11389 
28418 -3997 4411 4123 31070 13679 18249 -17974 7257 28656 
-6831 29292 -10224 4881 31220 -22912 -21055 22673 -22227 16955 
4783 -22643 -17550 -7572 -3794 21078 -28837 30640 19904 24695 
26830 25070 -14969 16222 23187 22335 -18216 -2746 -32275 10615 
-4805 26633 26014 8236 -30962 -21891 -1149 -14883 357 21976 
13906 11146 18770 7085 -19353 -30777 30685 -498 -9763 9665 
14072 27352 15238 -29738 1944 -31879 31334 4367 -13050 -2779 
-23507 27820 13727 22916 13872 22735 -17943 1922 -30124 7329 
-9193 24895 -32013 22828 -31028 -3280 666 -7434 -29371 -20914 
1186 -26466 30125 -25065 16626 -29522 31473 -20009 24397 -585 
-16109 -29205 -21801 -1877 1298 -11101 17207 8407 9170 -22733 
17736 14694 15943 1153 -6389 -17558 14881 27745 -18145 3014 
-22248 5226 -1993 28172 25022 20229 -12634 2563 2699 -15631 
-31106 30996 -2152 -1145 -4832 -20738 4208 -16806 6883 -5728 
20127 22055 24906 18987 16812 23910 -3247 10452 -7755 31350 
-4585 -10346 -23841 24873 -236 -9768 6088 28474 -1667 4767 
-6643 1913 31891 27434 -17048 25485 -30478 5331 18929 3050 
19256 -14213 -22088 12327 28481 -7466 28802 14671 25660 11179 
-6744 28276 -28 3576 22653 -26913 5691 22157 4728 -31050 
-29308 -29566 2894 -28607 27874 -25234 -29947 21964 -23259 -18807 
22736 10369 -5352 -31295 -24754 -3169 -32154 -4188 13495 -13195 
-15585 -13954 9179 -21608 14441 9266 -25507 19311 770 -10156 
-12455 5763 -15324 -27835 3904 -24197 13897 32493 30460 -3029 
22147 28840 -25419 6928 4369 19998 3110 25130 17190 32274 
13708 18970 17565 30532 19890 11402 16054 24859 4206 13695 
28740 -6070 -8454 -13334 9265 -5618 -20837 -25966 1950 -10302 
-15526 -3997 -12325 -30301 16984 17697 -27947 -26485 3420 2838 
-16014 9288 21471 11104 -28155 -26315 20832 -9909 -19706 32359 
26796 -7403 -4566 26003 -30044 -24022 5731 1142 8836 -20182 
18562 31363 -3495 9691 -10487 -13872 6649 541 28187 20268 
-12748 -9153 24510 -13240 19315 -21834 -3924 -4943 30469 -27671 
28219 22104 -21684 22589 31063 -25543 25343 8319 12582 16007 
-11910 24845 -2113 11695 -31238 -23884 -15952 -26419 3368 16855 
861 10035 23488 -8994 -5596 -22339 29422 18710 -156 17651 
5330 -16096 -15188 17534 -20534 -6871 -27685 -10906 23714 -14739 
28039 11216 -19647 7045 463 29261 7353 -6821 5762 -21817 
7407 -3106 11020 27180 23855 14673 -12014 27434 -20575 16883 
-29944 8077 -25654 32642 14205 -6301 -30342 171 32301 -9810 
23678 -7643 15013 -4780 -493 25393 -14921 22825 -6292 -24765 
-19595 12083 -28385 2598 -14184 4247 -2304 830 21528 -28961 
-20987 2499 15660 -15156 19843 16116 -11932 -17610 5315 18867 
30983 22945 13433 -23150 1211 -4971 -26111 25824 6960 -24574 
26439 10731 17953 -11773 -30894 -15691 -22221 -4132 -10303 -17530 
32385 21695 32046 15781 -9021 32171 -18315 14815 31886 -26363 
29905 29778 22926 -18634 -18185 18343 11875 7588 4736 5679 
-21178 3589 11446 24128 -15887 -27264 20040 29850 14230 -16326 
-24831 -3317 -27231 27902 32458 7184 32254 -31903 8243 -17241 
15133 -20168 22684 1369 -31274 -25143 -11067 -8093 12743 4979 
15121 21388 5133 -22204 -19800 24911 -5486 14739 -20399 27016 
-3245 -12825 6376 -23457 8482 11509 -2451 -26731 3467 -2149 
7172 11494 6981 18277 25693 1879 8986 -22135 -32376 -30658 
-16920 -23937 -20527 24600 -7178 2396 4407 -1203 -19852 -12735 
-735 6163 -28081 464 -13663 7621 25973 -26397 16272 -28168 
27435 32651 23699 25220 -6044 15212 13625 -21676 -23207 10200 
31777 -11193 4506 24160 5489 -21611 -31689 -5312 -9510 23637 
